

Days              : 0
Hours             : 0
Minutes           : 0
Seconds           : 9
Milliseconds      : 678
Ticks             : 96781301
TotalDays         : 0.000112015394675926
TotalHours        : 0.00268836947222222
TotalMinutes      : 0.161302168333333
TotalSeconds      : 9.6781301
TotalMilliseconds : 9678.1301



