1 0.98004766789203679 0.14698494908509335 -0.12567727180594587 -0.045904430649414449 5.6217674132945712 4.6106295388589134 5.4598671138690111 1 0002.png
2 0.99656821380431204 0.033384229117638352 -0.074712500778819205 -0.012463174093266296 -0.09197449142684376 -0.61469826518170401 -0.53764506512143118 1 0011.png
3 0.99736726601119119 0.033426021326962173 -0.06297661212449622 -0.01323571354072671 -0.021732944774339149 -0.49177313899913205 -0.5773296276046086 1 0014.png
4 0.99813889938605016 0.037743196537921644 -0.046637176338744306 -0.010916154572608298 0.12520328401066763 -0.46807614838656225 -0.46689517128006619 1 0016.png
5 0.99543764367909338 0.046849241574561704 -0.082248409430351152 -0.012010214680857383 -0.068495519947826183 -0.75261392761520629 -0.55625002653029698 1 0009.png
6 0.99699728573151003 0.03218113679874255 -0.06912069184020149 -0.013532059631638451 -0.083758422497642107 -0.53572589675096871 -0.5428681749473101 1 0013.png
7 0.99615352048813155 0.037324523190350574 -0.078400393949081354 -0.011765280121765904 -0.065371354698077755 -0.63303337217590427 -0.54410502587723064 1 0010.png
8 0.97812877144637544 0.15720071964008506 -0.12623070213238333 -0.051164929909159093 5.75292105125021 4.3548495699496996 5.5011066756366045 1 0001.png
9 0.99416745907398529 0.062188818385905766 -0.087323515257228354 -0.011756609598915009 -0.0046671906080146177 -0.67436098067925687 -0.54584069669168267 1 0008.png
10 0.99678484932857658 0.03214959771183494 -0.072240607538837764 -0.012948441543057083 -0.068630152781604919 -0.55979072672076524 -0.5139361322237862 1 0012.png
11 0.9977709532575384 0.035438983816919158 -0.05520891756694811 -0.012213872549410511 0.055848274690761264 -0.47632665894387488 -0.52858420178078835 1 0015.png
12 0.98241459145765708 0.13882715645211394 -0.11885137382014475 -0.038248425635173382 4.4912159421765718 4.8133275079616586 5.4445061382205582 1 0003.png
13 0.98387560851676581 0.14058402597097175 -0.10804395287052074 -0.023482394589765747 2.0647652039084474 2.5610893443361773 4.0204055309647382 1 0005.png
14 0.98764035579846388 0.12043733979440156 -0.099125410034346134 -0.015346917184066245 0.94536858958005265 1.0169559033447606 1.6898865198750497 1 0006.png
15 0.983444375798051 0.13899793090605905 -0.11200517591628098 -0.03117010559782013 3.0723153054482877 4.0793210030720246 5.2020981231063628 1 0004.png
16 0.9920653416135754 0.085396893852916989 -0.091537714488359956 -0.011600660139022192 0.2564153265024583 -0.24252069008132587 0.034246650176675483 1 0007.png
17 0.99851510981832525 0.039804703421984118 -0.036099989276008534 -0.0089415783985837358 0.29817131725498497 -0.42572362363300714 -0.40907339163017731 1 0017.png
18 0.99873398514733824 0.044412951493376956 -0.022913467913740503 -0.0057349489561193418 0.49228151898230071 -0.42455167838956159 -0.3739084255129615 1 0018.png
19 0.99772746450737659 0.067195981262371307 -0.00039412260085104037 0.004944829344299179 1.0223307819404868 -0.60388834899238475 -0.43829422723698164 1 0021.png
20 0.99823040112316808 0.059361073772227331 -0.0027038128695629922 0.0022402209832317688 0.97607959270175215 -0.55348220352714916 -0.35411237394551903 1 0020.png
21 0.99692416995689603 0.077738235036751493 -0.0088508253370950512 0.0045419224979337041 0.87580623826950987 -0.64272639007727184 -0.44325466507738176 1 0023.png
22 0.996239093523 0.08003173320635032 -0.033168346002735258 -0.0015655797333828032 0.21524523137012042 -0.45103758264247606 -0.46093806276122279 1 0025.png
23 0.99862322567644202 0.05134734080319632 -0.010590216986104239 -0.0017178580283910732 0.78501654924545805 -0.51906570451969081 -0.33759560070761985 1 0019.png
24 0.99727553488459342 0.073540580437627318 -0.0016905134144701091 0.0055165853515276734 1.0326928242251106 -0.64563599426668949 -0.46386686680982891 1 0022.png
25 0.99552344293360828 0.081515160323913496 -0.047476485836169945 -0.0058597354572854175 -0.16447192776708969 -0.33667012978578631 -0.48800903491385256 1 0026.png
26 0.99663298665793065 0.079502782622954973 -0.019952437603399289 0.0019742578815115674 0.50869814145016301 -0.58484537099824685 -0.44896259940413563 1 0024.png
27 0.9899719704703468 0.084636158629769434 -0.10957291059852985 -0.028035613038096853 -1.772207525564961 -0.21655178282799101 -0.74701995298864776 1 0029.png
28 0.99449290790895795 0.082580533805376041 -0.06346135553592111 -0.011703328960076699 -0.65810812933151663 -0.3164415841358183 -0.53368870522891732 1 0027.png
29 0.99266811783404219 0.083959796603736953 -0.084913241314849383 -0.018721694354021073 -1.1646216295676386 -0.27614887740009725 -0.63934389192819574 1 0028.png
30 0.98152458988922431 0.07751016122476663 -0.16788130200596008 -0.049168310795515986 -2.9229038455520673 0.16037927061460328 -1.0290554515179346 1 0031.png
31 0.98618854118678712 0.082771151788480268 -0.13817884704627573 -0.038570764737650781 -2.2976717296972771 -0.08724955885039179 -0.88603443244354263 1 0030.png
32 0.97600553435713799 0.068923439453163746 -0.19822311336945395 -0.058054747646547077 -3.4177135705514896 0.47689776040174886 -1.1708489830790494 1 0032.png
33 0.97000981596862901 0.061035511174625523 -0.22557777898399337 -0.066860219329638162 -3.8021715648236292 0.76708083188177301 -1.3586547982267378 1 0033.png
34 0.96380889197559783 0.056419487583492453 -0.24919305287904395 -0.076105739378896475 -4.0636581977983628 0.96404605873744054 -1.5987031548465094 1 0034.png
35 0.9558936195848482 0.059348943277196593 -0.27237980218336633 -0.092489644454975789 -4.3232615514682076 1.1731817151081259 -1.8681687687399999 1 0035.png
